173.37
125.65
135.57
100.36
149.54
166.65
193.06
144.93
114.60
191.25
163.28
185.70
153.44
158.65
116.03
128.67
143.59
145.86
141.23
186.70
194.55
193.57
195.64
120.01
198.54
145.81
124.24
193.80
198.09
180.48
176.01
197.71
124.15
173.47
134.11
131.68
135.23
138.87
158.25
126.36
192.77
139.79
193.98
132.75
140.83
170.33
137.59
185.27
119.47
167.38
158.21
115.30
129.87
123.40
169.23
168.04
187.09
135.65
110.24
154.56
141.32
145.80
147.43
153.18
122.27
194.92
125.53
159.24
162.87
143.15
107.85
171.15
188.45
180.81
121.89
191.65
115.01
188.32
187.82
118.24
186.95
185.84
144.59
194.20
198.00
150.62
104.18
192.69
182.01
169.69
158.27
110.25
130.30
138.83
133.69
153.40
190.93
114.84
143.14
112.01
131.91
177.36
105.60
126.65
105.20
159.23
117.68
173.68
131.09
159.54
141.18
111.26
133.80
162.57
134.97
152.46
198.16
147.37
100.02
157.41
184.53
187.92
125.10
165.37
134.66
111.62
117.85
119.83
124.46
105.24
180.86
174.98
171.59
131.67
145.64
110.34
185.48
148.42
108.89
121.58
155.07
199.02
124.65
100.54
106.06
182.65
193.71
165.02
123.10
193.77
157.44
149.72
125.08
163.55
146.76
123.94
101.79
128.15
159.33
158.55
168.89
194.80
137.79
125.22
174.73
176.19
100.27
173.93
197.52
115.96
130.83
101.78
103.84
133.76
171.72
195.28
101.12
176.98
172.09
101.33
105.31
178.04
138.56
157.85
162.60
181.19
101.84
194.18
109.26
120.66
160.45
193.22
127.48
103.35
187.89
192.90
156.32
173.53
192.74
192.58
147.07
114.33
102.49
121.77
110.03
171.59
101.43
123.04
185.78
169.17
190.40
198.79
188.24
121.59
152.19
172.42
108.87
140.12
199.93
118.38
142.28
171.02
157.93
122.92
191.35
101.32
174.59
147.34
137.26
116.42
194.97
179.05
114.27
196.64
127.38
172.33
112.03
195.02
122.32
100.17
139.35
147.56
145.11
161.38
122.42
129.11
164.06
113.09
177.86
182.47
194.93
127.63
196.16
117.07
139.40
105.11
194.98
194.19
130.41
108.01
153.06
190.28
150.33
122.83
115.46
157.36
119.42
194.83
168.91
180.04
161.47
127.21
121.64
162.21
140.97
183.11
186.73
163.68
132.09
180.24
159.96
146.47
123.49
121.66
103.70
183.96
184.90
163.52
196.83
132.05
121.62
180.62
187.48
160.87
121.36
154.31
189.96
198.04
153.82
173.51
100.34
140.03
118.49
109.32
166.12
146.80
148.14
196.61
134.53
146.86
166.66
131.59
121.38
144.66
168.38
173.56
187.66
140.49
133.36
121.07
184.86
143.96
117.83
118.09
131.30
186.82
162.56
133.99
111.92
118.01
142.97
152.77
151.54
194.58
144.53
101.65
197.91
165.67
184.35
146.63
164.90
183.77
115.81
183.90
128.43
167.12
146.82
159.60
138.24
180.49
174.14
157.78
107.14
197.51
186.63
106.65
165.95
157.29
118.12
166.56
127.14
130.15
137.32
179.47
183.24
163.33
146.30
179.80
176.90
185.78
121.97
188.61
118.80
113.24
175.57
139.62
196.83
109.69
123.93
114.03
115.43
129.13
163.54
193.66
127.38
183.27
113.24
176.84
172.20
154.53
144.68
140.11
114.85
101.57
151.21
170.18
186.61
184.82
115.02
135.20
165.79
173.64
120.22
112.20
100.26
182.86
125.14
138.53
166.05
127.18
151.04
108.84
176.54
174.29
166.25
196.66
105.52
124.21
145.11
139.53
163.90
141.49
159.10
190.29
174.57
119.34
113.84
103.50
123.19
160.37
180.50
195.52
123.14
117.34
182.20
189.77
122.59
149.07
187.20
134.42
198.60
111.62
129.12
158.54
128.59
122.91
121.89
115.53
103.29
110.26
161.59
146.99
146.62
174.41
111.17
189.46
137.90
181.24
145.04
137.32
189.85
122.86
190.07
170.08
121.49
173.50
137.13
150.00
179.58
102.32
113.12
196.74
104.37
195.46
197.15
149.98
105.78
182.33
136.54
137.77
114.78
157.72
168.50
178.91
101.39
140.43
181.42
160.83
105.35
111.46
156.26
151.12
108.72
130.67
112.65
120.29
190.36
139.22
147.37
176.35
141.64
117.09
193.27
137.28
189.93
179.80
145.48
197.10
171.91
166.62
199.19
172.54
121.99
193.76
117.80
153.44
193.33
120.18
103.85
117.66
108.12
101.31
176.35
113.24
142.13
186.42
167.69
155.02
184.37
149.09
140.64
130.64
177.04
127.05
192.19
161.81
132.87
187.60
154.20
120.72
147.82
127.96
123.27
158.53
175.41
165.87
152.22
163.22
105.42
175.37
113.65
127.40
194.99
174.98
102.51
173.21
132.55
180.93
179.22
151.03
176.29
197.14
167.08
101.59
198.11
125.11
108.95
146.73
181.06
141.95
156.57
153.35
163.87
112.98
113.16
196.90
199.58
176.35
174.87
136.40
197.10
161.41
120.01
100.84
144.06
180.22
176.14
178.95
167.56
161.97
154.85
198.37
175.09
183.83
181.42
178.32
132.38
188.57
162.29
140.77
177.05
169.21
127.35
168.95
137.32
144.09
155.69
109.22
123.68
141.80
143.89
122.70
188.05
164.99
103.85
106.28
199.62
104.10
183.69
119.15
169.75
128.16
189.76
170.81
169.01
187.98
150.10
148.91
118.80
129.16
100.98
191.61
107.31
127.33
196.19
137.73
174.83
125.83
136.62
120.30
137.07
177.55
192.04
104.45
166.81
166.66
140.56
108.70
133.91
113.71
182.62
190.49
111.69
147.83
195.68
121.22
193.67
163.80
183.40
123.92
128.96
168.18
138.99
197.56
176.60
158.98
186.02
105.92
199.85
176.25
182.20
166.19
169.84
107.16
171.38
132.60
124.53
128.49
147.77
133.92
134.02
121.89
152.20
189.95
155.84
102.82
154.96
102.01
125.06
162.84
192.54
184.94
113.22
136.58
115.79
184.21
107.24
169.83
176.44
100.57
105.12
183.21
125.60
127.01
198.43
196.90
122.86
187.76
113.61
106.60
158.12
157.72
113.62
177.95
169.40
132.09
119.54
157.35
199.52
110.54
197.69
180.93
171.87
158.14
171.95
100.05
181.60
106.10
163.48
131.78
192.05
159.32
130.05
185.76
198.49
184.92
176.16
115.18
170.98
166.24
131.43
188.79
116.95
120.06
149.83
183.41
109.83
191.35
164.91
151.89
114.86
159.49
147.57
130.21
105.93
112.75
151.71
109.15
107.62
173.39
100.77
111.13
115.89
185.21
163.21
180.49
147.46
107.01
188.78
117.09
143.37
191.12
129.01
157.12
105.16
164.21
145.01
132.68
173.54
169.29
113.81
121.98
169.08
172.31
180.36
136.06
101.62
184.64
166.43
174.38
121.33
103.49
140.09
121.86
127.77
126.44
169.72
152.85
175.62
153.20
135.10
153.80
115.50
148.20
144.75
175.54
186.84
100.89
113.61
178.82
135.95
186.94
187.78
142.08
166.89
103.62
164.38
159.10
145.34
124.86
143.61
166.26
166.68
197.75
167.28
103.79
167.68
181.17
143.76
133.53
109.02
109.15
132.47
107.11
180.20
147.13
163.05
102.46
182.13
197.47
193.94
124.28
123.72
102.05
172.95
194.42
128.57
184.63
148.68
142.13
185.08
173.14
195.50
140.49
189.40
143.08
157.35
125.88
124.15
127.28
185.96
179.78
188.20
144.20
147.43
148.84
142.41
107.39
198.06
128.36
164.91
192.11
185.01
136.55
115.60
151.34
110.06
162.87
194.04
193.50
106.16
182.13
137.57
156.45
115.31
187.97
147.22
138.67
123.78
114.39
147.64
177.21
105.84
181.76
184.68
194.23
151.21
125.37
138.69
169.32
102.36
138.37
185.58
132.91
108.37
188.96
168.34
117.88
109.31
151.75
151.80
150.84
101.55
127.23
120.42
112.55
198.41
109.97
145.14
147.61
192.85
106.12
188.93
157.67
149.30
193.93
142.46
169.63
100.35
167.06
181.95
130.19
100.63
199.88
118.80
142.11
194.88
126.35
167.58
123.27
190.36
129.70
192.99
140.02
184.55
198.68
109.20
138.47
188.48
118.17
195.69
173.53
102.97
126.65
162.45
114.51
150.98
191.34
144.55
188.15
142.22
122.79
131.02
105.23
148.36
175.16
136.28
105.19
196.56
155.84
103.69
144.99
147.24
198.53
190.34
152.67
107.87
137.81
119.66
164.12
148.72
159.79
104.16
162.32
128.98
193.54
134.73
142.41
111.80
151.00
104.43
132.86
145.63
119.35
185.29
113.61
115.53
158.92
104.46
185.08
